Modelling/Chlorochrysa.nitidissima/G_variables/Set_1/M/elev.asc
NCOLS 17 
NROWS 32 
XLLCORNER -77.5 
YLLCORNER 2.16666666666666 
CELLSIZE 0.166666666666666 
NODATA_value -9999 
-9999 -9999 -9999 -9999 -9999 -9999 -9999 -9999 -9999 -9999 -9999 1094 680 486 445 -9999 -9999
-9999 -9999 -9999 -9999 -9999 -9999 -9999 -9999 -9999 2015 1723 1355 806 846 838 377 -9999
-9999 -9999 -9999 -9999 -9999 -9999 -9999 -9999 2133 2383 1144 1403 1623 1265 1182 718 604
-9999 -9999 -9999 -9999 -9999 -9999 799 1293 1510 1898 1712 2513 2268 1553 1464 1208 806
-9999 -9999 -9999 -9999 -9999 -9999 882 1783 1671 1581 2296 2674 2522 1793 1296 1280 916
-9999 -9999 -9999 -9999 -9999 486 608 1886 2560 1636 1466 2565 2398 1665 1387 1154 918
-9999 -9999 -9999 -9999 -9999 431 643 1561 2665 1634 1152 2417 2032 1964 1592 1057 763
-9999 -9999 -9999 -9999 -9999 225 631 1895 2174 1379 1694 1954 2264 2051 1646 1030 555
-9999 -9999 -9999 -9999 -9999 86 501 1533 2392 1483 1507 2237 2234 2135 1423 916 402
-9999 -9999 -9999 -9999 43 88 439 1642 2109 1258 1174 1629 2256 2059 1009 738 296
-9999 -9999 -9999 -9999 58 70 325 979 2238 1450 1689 938 1922 2329 1330 672 243
-9999 -9999 -9999 -9999 64 79 185 724 1928 2191 2380 1318 2063 2157 1144 688 216
-9999 -9999 -9999 -9999 80 98 210 427 990 1858 2056 1321 2368 2756 1730 683 245
-9999 -9999 -9999 -9999 109 123 386 830 1655 1834 1412 1312 2681 2801 1606 716 339
-9999 -9999 -9999 51 72 130 444 1475 2673 1387 1174 1404 2721 2706 1644 640 -9999
-9999 -9999 -9999 61 58 311 662 1072 1871 1083 1347 1876 3344 3530 1773 -9999 -9999
-9999 -9999 -9999 47 44 513 988 1773 1490 981 1331 2197 4006 3552 1896 -9999 -9999
-9999 -9999 -9999 56 77 234 1090 1557 1172 1093 1337 2179 3094 3059 -9999 -9999 -9999
-9999 -9999 -9999 47 75 441 1227 1657 979 1110 1307 2808 2348 1561 -9999 -9999 -9999
-9999 -9999 50 56 147 827 2022 1244 1016 1543 1998 3336 2469 -9999 -9999 -9999 -9999
-9999 -9999 41 54 271 1914 1864 977 1475 2330 3292 2844 -9999 -9999 -9999 -9999 -9999
-9999 -9999 31 88 715 1840 1388 1237 2279 3204 3111 2431 -9999 -9999 -9999 -9999 -9999
-9999 -9999 24 349 1146 1394 1188 1360 2972 3609 3172 -9999 -9999 -9999 -9999 -9999 -9999
-9999 -9999 123 653 1358 1540 974 1154 2675 3417 -9999 -9999 -9999 -9999 -9999 -9999 -9999
-9999 62 279 1265 2251 1475 960 1175 3182 3120 -9999 -9999 -9999 -9999 -9999 -9999 -9999
-9999 92 450 1450 2422 1235 970 1207 3273 -9999 -9999 -9999 -9999 -9999 -9999 -9999 -9999
-9999 110 772 1109 1669 1044 1077 1821 -9999 -9999 -9999 -9999 -9999 -9999 -9999 -9999 -9999
-9999 124 425 1830 1684 1384 1830 2579 -9999 -9999 -9999 -9999 -9999 -9999 -9999 -9999 -9999
-9999 420 690 1913 1647 1658 2366 -9999 -9999 -9999 -9999 -9999 -9999 -9999 -9999 -9999 -9999
-9999 1048 1022 1948 1646 1791 -9999 -9999 -9999 -9999 -9999 -9999 -9999 -9999 -9999 -9999 -9999
-9999 1580 1784 1657 1630 2012 -9999 -9999 -9999 -9999 -9999 -9999 -9999 -9999 -9999 -9999 -9999
-9999 2145 1587 953 1583 -9999 -9999 -9999 -9999 -9999 -9999 -9999 -9999 -9999 -9999 -9999 -9999
