Modelling/Chlorochrysa.nitidissima/G_variables/Set_1/M/wc2.1_10m_bio_10_s.asc
NCOLS 17 
NROWS 32 
XLLCORNER -77.5 
YLLCORNER 2.16666666666666 
CELLSIZE 0.166666666666666 
NODATA_value -9999 
-9999.000000000000000 -9999 -9999 -9999 -9999 -9999 -9999 -9999 -9999 -9999 -9999 22.339 24.444 25.613 25.971 -9999 -9999
-9999 -9999 -9999 -9999 -9999 -9999 -9999 -9999 -9999 17.636 19.304 21.283 23.795 23.625 23.868 26.498 -9999
-9999 -9999 -9999 -9999 -9999 -9999 -9999 -9999 17.078 15.632 22.588 21.211 20.355 22.26 22.636 24.625 25.272
-9999 -9999 -9999 -9999 -9999 -9999 24.013 21.792 20.839 18.674 19.923 15.077 16.883 21.405 21.611 22.647 24.35
-9999 -9999 -9999 -9999 -9999 -9999 23.678 19.169 20.095 20.581 16.586 14.244 15.241 20.196 22.491 22.506 23.975
-9999 -9999 -9999 -9999 -9999 25.801 25.196 18.318 14.618 20.39 21.344 15.092 16.383 20.748 22.246 23.131 24.098
-9999 -9999 -9999 -9999 -9999 26.027 25.025 20.285 13.882 20.328 23.232 16.079 18.811 19.132 21.167 23.496 24.845
-9999 -9999 -9999 -9999 -9999 26.957 25.029 18.206 17.014 21.859 20.294 19.073 16.899 18.26 20.373 23.454 25.855
-9999 -9999 -9999 -9999 -9999 27.464 25.517 20.001 15.358 21.257 21.33 16.626 16.658 17.149 21.247 23.851 26.654
-9999 -9999 -9999 -9999 27.367 27.258 25.654 19.271 16.879 22.521 23.07 20.299 16.17 17.066 23.187 24.696 27.296
-9999 -9999 -9999 -9999 27.113 27.167 26.055 22.952 15.678 21.22 19.559 24.227 18.018 15.305 21.101 24.956 27.643
-9999 -9999 -9999 -9999 26.954 27.007 26.626 24.009 17.249 16.034 14.997 21.817 16.952 15.934 21.943 24.774 27.866
-9999 -9999 -9999 -9999 26.799 26.849 26.407 25.464 22.762 17.894 16.836 21.681 14.875 12.27 18.476 24.839 27.876
-9999 -9999 -9999 -9999 26.593 26.675 25.406 23.035 18.677 18.011 21.003 21.549 12.873 12.02 19.182 24.761 27.459
-9999 -9999 -9999 26.632 26.722 26.602 25.034 19.392 12.67 20.806 22.369 21.03 12.689 12.532 18.969 25.312 -9999
-9999 -9999 -9999 26.496 26.695 25.545 23.836 21.63 17.671 22.624 21.41 18.009 8.901 7.81 18.264 -9999 -9999
-9999 -9999 -9999 26.474 26.68 24.445 22.15 18.282 20.268 23.43 21.439 15.735 5.257 7.716 17.605 -9999 -9999
-9999 -9999 -9999 26.391 26.492 25.942 21.783 19.749 22.393 22.894 21.294 15.911 10.266 10.531 -9999 -9999 -9999
-9999 -9999 -9999 26.448 26.504 25.011 21.243 19.248 23.703 22.906 21.517 12.096 14.872 19.878 -9999 -9999 -9999
-9999 -9999 26.282 26.43 26.207 23.036 16.678 22.037 23.618 20.116 17.07 8.949 14.165 -9999 -9999 -9999 -9999
-9999 -9999 26.375 26.522 25.696 17.05 17.649 23.969 20.592 15.223 9.446 11.994 -9999 -9999 -9999 -9999 -9999
-9999 -9999 26.443 26.438 23.556 17.578 20.701 21.976 15.538 10.134 10.336 14.435 -9999 -9999 -9999 -9999 -9999
-9999 -9999 26.591 25.303 21.615 20.508 22.163 21.142 11.467 7.608 10.002 -9999 -9999 -9999 -9999 -9999 -9999
-9999 -9999 26.285 24.029 20.6 19.811 23.73 22.649 13.123 8.516 -9999 -9999 -9999 -9999 -9999 -9999 -9999
-9999 26.51 25.637 20.929 15.25 20.406 24.008 22.638 10.048 10.258 -9999 -9999 -9999 -9999 -9999 -9999 -9999
-9999 26.433 24.904 19.925 14.325 22.038 24.007 22.488 9.435 -9999 -9999 -9999 -9999 -9999 -9999 -9999 -9999
-9999 26.435 23.446 21.903 19.199 23.554 23.471 18.287 -9999 -9999 -9999 -9999 -9999 -9999 -9999 -9999 -9999
-9999 26.454 25.223 17.846 19.12 21.214 18.303 13.569 -9999 -9999 -9999 -9999 -9999 -9999 -9999 -9999 -9999
-9999 25.257 24.181 17.414 19.363 19.285 14.932 -9999 -9999 -9999 -9999 -9999 -9999 -9999 -9999 -9999 -9999
-9999 22.283 22.701 17.304 19.336 18.376 -9999 -9999 -9999 -9999 -9999 -9999 -9999 -9999 -9999 -9999 -9999
-9999 19.427 18.216 19.301 19.446 17.006 -9999 -9999 -9999 -9999 -9999 -9999 -9999 -9999 -9999 -9999 -9999
-9999 16.17 19.772 24.331 19.882 -9999 -9999 -9999 -9999 -9999 -9999 -9999 -9999 -9999 -9999 -9999 -9999
