Modelling/Chlorochrysa.nitidissima/G_variables/Set_1/M/wc2.1_10m_bio_1_s.asc
NCOLS 17 
NROWS 32 
XLLCORNER -77.5 
YLLCORNER 2.16666666666666 
CELLSIZE 0.166666666666666 
NODATA_value -9999 
-9999.000000000000000 -9999 -9999 -9999 -9999 -9999 -9999 -9999 -9999 -9999 -9999 21.764 23.821 24.981 25.426 -9999 -9999
-9999 -9999 -9999 -9999 -9999 -9999 -9999 -9999 -9999 17.147 18.757 20.699 23.202 23.077 23.369 26.045 -9999
-9999 -9999 -9999 -9999 -9999 -9999 -9999 -9999 16.633 15.169 22.026 20.63 19.746 21.691 22.118 24.2 24.927
-9999 -9999 -9999 -9999 -9999 -9999 23.602 21.348 20.385 18.199 19.399 14.56 16.287 20.811 21.086 22.196 24.001
-9999 -9999 -9999 -9999 -9999 -9999 23.265 18.785 19.7 20.139 16.138 13.746 14.703 19.606 22.015 22.059 23.616
-9999 -9999 -9999 -9999 -9999 25.439 24.803 17.959 14.252 19.986 20.905 14.608 15.844 20.225 21.81 22.716 23.736
-9999 -9999 -9999 -9999 -9999 25.684 24.655 19.948 13.559 19.949 22.762 15.661 18.339 18.65 20.743 23.095 24.514
-9999 -9999 -9999 -9999 -9999 26.627 24.669 17.88 16.724 21.465 19.925 18.728 16.494 17.833 19.954 23.047 25.538
-9999 -9999 -9999 -9999 -9999 27.148 25.172 19.659 15.094 20.902 20.937 16.319 16.317 16.781 20.826 23.464 26.368
-9999 -9999 -9999 -9999 27.072 26.951 25.304 18.937 16.594 22.087 22.601 19.896 15.886 16.723 22.763 24.323 26.979
-9999 -9999 -9999 -9999 26.819 26.866 25.709 22.561 15.377 20.826 19.225 23.695 17.713 15.02 20.698 24.624 27.269
-9999 -9999 -9999 -9999 26.665 26.704 26.282 23.608 16.916 15.761 14.756 21.391 16.66 15.629 21.548 24.479 27.423
-9999 -9999 -9999 -9999 26.517 26.549 26.071 25.086 22.371 17.6 16.586 21.315 14.606 11.976 18.171 24.519 27.333
-9999 -9999 -9999 -9999 26.315 26.379 25.062 22.653 18.379 17.763 20.702 21.215 12.628 11.771 18.906 24.412 26.881
-9999 -9999 -9999 26.326 26.44 26.302 24.672 19.053 12.468 20.526 22.037 20.724 12.472 12.306 18.71 24.937 -9999
-9999 -9999 -9999 26.172 26.388 25.22 23.468 21.282 17.478 22.309 21.098 17.748 8.69 7.596 18.05 -9999 -9999
-9999 -9999 -9999 26.124 26.342 24.103 21.797 18.092 20.058 23.115 21.134 15.506 5.014 7.485 17.414 -9999 -9999
-9999 -9999 -9999 26.026 26.142 25.594 21.461 19.542 22.134 22.602 20.97 15.684 10.055 10.306 -9999 -9999 -9999
-9999 -9999 -9999 26.089 26.171 24.678 20.959 19.047 23.402 22.613 21.241 11.907 14.644 19.577 -9999 -9999 -9999
-9999 -9999 25.914 26.088 25.888 22.739 16.484 21.777 23.27 19.867 16.875 8.74 13.991 -9999 -9999 -9999 -9999
-9999 -9999 26.019 26.206 25.382 16.807 17.457 23.589 20.339 15.051 9.249 11.812 -9999 -9999 -9999 -9999 -9999
-9999 -9999 26.118 26.149 23.267 17.34 20.41 21.716 15.383 9.956 10.124 14.261 -9999 -9999 -9999 -9999 -9999
-9999 -9999 26.272 25.032 21.312 20.181 21.88 20.916 11.297 7.37 9.778 -9999 -9999 -9999 -9999 -9999 -9999
-9999 -9999 25.973 23.761 20.315 19.553 23.504 22.415 12.941 8.271 -9999 -9999 -9999 -9999 -9999 -9999 -9999
-9999 26.176 25.349 20.657 15.016 20.214 23.757 22.361 9.823 10.023 -9999 -9999 -9999 -9999 -9999 -9999 -9999
-9999 26.116 24.62 19.675 14.091 21.836 23.736 22.21 9.196 -9999 -9999 -9999 -9999 -9999 -9999 -9999 -9999
-9999 26.135 23.191 21.658 19.01 23.29 23.191 18.13 -9999 -9999 -9999 -9999 -9999 -9999 -9999 -9999 -9999
-9999 26.169 25.011 17.587 18.944 21.003 18.138 13.349 -9999 -9999 -9999 -9999 -9999 -9999 -9999 -9999 -9999
-9999 25.01 23.935 17.15 19.175 19.077 14.743 -9999 -9999 -9999 -9999 -9999 -9999 -9999 -9999 -9999 -9999
-9999 22.019 22.406 17.033 19.124 18.179 -9999 -9999 -9999 -9999 -9999 -9999 -9999 -9999 -9999 -9999 -9999
-9999 19.101 17.91 19.053 19.241 16.788 -9999 -9999 -9999 -9999 -9999 -9999 -9999 -9999 -9999 -9999 -9999
-9999 15.787 19.441 23.699 19.575 -9999 -9999 -9999 -9999 -9999 -9999 -9999 -9999 -9999 -9999 -9999 -9999
