Modelling/Chlorochrysa.nitidissima/G_variables/Set_1/G/elev.asc
NCOLS 89 
NROWS 105 
XLLCORNER -81.6666666666667 
YLLCORNER -4.16666666666667 
CELLSIZE 0.166666666666667 
NODATA_value -9999 
[rows 38 to 75 of 105, columns 0 to 86 of 89]
-9999 -9999 -9999 -9999 -9999 -9999 -9999 -9999 -9999 -9999 -9999 -9999 -9999 -9999 -9999 -9999 -9999 -9999 -9999 -9999 -9999 -9999 -9999 -9999 259 304 196 42 11 50 519 799 1293 1510 1898 1712 2513 2268 1553 1464 1208 806 566 293 119 92 83 105 231 892 1264 1235 2202 3434 3214 2392 1533 691 318 195 176 158 148 139 131 126 120 115 110 105 -9999 -9999 -9999 -9999 -9999 -9999 -9999 -9999 -9999 -9999 -9999 -9999 -9999 -9999 -9999 -9999 -9999
-9999 -9999 -9999 -9999 -9999 -9999 -9999 -9999 -9999 -9999 -9999 -9999 -9999 -9999 -9999 -9999 -9999 -9999 -9999 -9999 -9999 -9999 -9999 -9999 -9999 304 291 67 16 49 719 882 1783 1671 1581 2296 2674 2522 1793 1296 1280 916 534 213 99 98 103 145 385 1744 1219 1296 1594 2562 3439 3317 2786 1892 850 258 194 166 148 136 125 122 118 113 109 103 -9999 -9999 -9999 -9999 -9999 -9999 -9999 -9999 -9999 -9999 -9999 -9999 -9999 -9999 -9999 -9999 -9999
-9999 -9999 -9999 -9999 -9999 -9999 -9999 -9999 -9999 -9999 -9999 -9999 -9999 -9999 -9999 -9999 -9999 -9999 -9999 -9999 -9999 -9999 -9999 -9999 -9999 -9999 213 85 24 66 486 608 1886 2560 1636 1466 2565 2398 1665 1387 1154 918 475 147 106 110 146 257 835 2169 1163 1646 1635 1685 2700 3822 3663 3237 1540 348 197 170 152 135 124 119 115 111 106 102 98 -9999 -9999 -9999 -9999 -9999 -9999 -9999 -9999 -9999 -9999 -9999 -9999 -9999 -9999 -9999 -9999
-9999 -9999 -9999 -9999 -9999 -9999 -9999 -9999 -9999 -9999 -9999 -9999 -9999 -9999 -9999 -9999 -9999 -9999 -9999 -9999 -9999 -9999 -9999 -9999 -9999 -9999 376 160 65 38 431 643 1561 2665 1634 1152 2417 2032 1964 1592 1057 763 377 120 135 140 226 625 994 1914 1409 1702 2270 2249 2281 3400 4129 2770 1083 334 187 165 149 136 126 117 112 108 104 100 98 97 -9999 -9999 -9999 -9999 -9999 -9999 -9999 -9999 -9999 -9999 -9999 -9999 -9999 -9999 -9999
-9999 -9999 -9999 -9999 -9999 -9999 -9999 -9999 -9999 -9999 -9999 -9999 -9999 -9999 -9999 -9999 -9999 -9999 -9999 -9999 -9999 -9999 -9999 -9999 -9999 -9999 557 232 116 31 225 631 1895 2174 1379 1694 1954 2264 2051 1646 1030 555 193 133 199 197 502 919 1471 1470 1677 1755 2991 2896 2495 3537 2753 1422 551 284 178 161 147 135 127 120 113 107 103 99 98 97 95 -9999 -9999 -9999 -9999 -9999 -9999 -9999 -9999 -9999 -9999 61 54 -9999 -9999
-9999 -9999 -9999 -9999 -9999 -9999 -9999 -9999 -9999 -9999 -9999 -9999 -9999 -9999 -9999 -9999 -9999 -9999 -9999 -9999 -9999 -9999 -9999 -9999 -9999 -9999 480 319 128 35 86 501 1533 2392 1483 1507 2237 2234 2135 1423 916 402 144 156 279 460 1139 2112 1651 1623 1975 2487 3352 2962 2988 3003 1752 955 535 238 180 160 147 136 127 120 114 107 102 101 97 96 94 92 -9999 102 89 86 87 82 77 75 69 65 61 -9999 -9999
-9999 -9999 -9999 -9999 -9999 -9999 -9999 -9999 -9999 -9999 -9999 -9999 -9999 -9999 -9999 -9999 -9999 -9999 -9999 -9999 -9999 -9999 -9999 -9999 -9999 -9999 216 242 158 43 88 439 1642 2109 1258 1174 1629 2256 2059 1009 738 296 156 204 611 764 2273 2030 1816 2135 2498 3253 2859 3092 3289 2336 1463 825 374 214 180 161 148 137 128 120 113 106 101 99 94 108 109 110 106 100 99 92 93 90 79 76 81 76 62 -9999 -9999
-9999 -9999 -9999 -9999 -9999 -9999 -9999 -9999 -9999 -9999 -9999 -9999 -9999 -9999 -9999 -9999 -9999 -9999 -9999 -9999 -9999 -9999 -9999 -9999 -9999 -9999 149 197 164 58 70 325 979 2238 1450 1689 938 1922 2329 1330 672 243 180 382 840 929 1812 2633 2414 2900 2841 2681 2702 3281 2462 1899 1052 495 261 196 175 158 145 134 125 118 112 106 104 103 108 114 115 103 94 93 90 97 83 83 80 87 78 68 -9999 -9999 -9999
-9999 -9999 -9999 -9999 -9999 -9999 -9999 -9999 -9999 -9999 -9999 -9999 -9999 -9999 -9999 -9999 -9999 -9999 -9999 -9999 -9999 -9999 -9999 -9999 -9999 144 402 212 133 64 79 185 724 1928 2191 2380 1318 2063 2157 1144 688 216 282 861 1140 955 2328 2631 2359 2931 2802 2995 3116 3163 1796 1254 551 276 202 181 166 152 141 130 123 117 111 105 105 111 116 112 105 103 110 108 101 99 92 92 92 86 81 82 -9999 -9999 -9999
-9999 -9999 -9999 -9999 -9999 -9999 -9999 -9999 -9999 -9999 -9999 -9999 -9999 -9999 -9999 -9999 -9999 -9999 -9999 -9999 -9999 -9999 -9999 -9999 -9999 -9999 475 173 80 80 98 210 427 990 1858 2056 1321 2368 2756 1730 683 245 574 1257 1269 1495 2708 2665 3044 2648 2759 3031 3147 2506 1562 650 274 206 185 174 161 149 138 128 121 115 111 117 119 120 120 122 122 121 120 110 99 98 102 100 87 82 80 81 -9999 -9999 -9999
-9999 -9999 -9999 -9999 -9999 -9999 -9999 -9999 -9999 -9999 -9999 -9999 -9999 -9999 -9999 -9999 -9999 -9999 -9999 -9999 -9999 -9999 -9999 -9999 -9999 -9999 220 116 55 109 123 386 830 1655 1834 1412 1312 2681 2801 1606 716 339 818 1108 1471 2616 3131 2794 2927 2426 2468 1965 1831 1206 686 292 216 190 178 166 156 147 138 127 120 115 122 122 116 116 114 111 110 111 108 106 116 113 102 95 94 87 86 -9999 -9999 -9999 -9999
-9999 -9999 -9999 -9999 -9999 -9999 -9999 -9999 -9999 -9999 -9999 -9999 -9999 -9999 -9999 -9999 -9999 -9999 -9999 -9999 -9999 -9999 -9999 -9999 -9999 -9999 80 65 51 72 130 444 1475 2673 1387 1174 1404 2721 2706 1644 640 309 1158 1073 1868 2933 2739 2795 2504 2003 2187 1406 1576 663 330 219 197 180 169 161 152 142 132 125 122 129 129 131 136 134 130 125 117 111 125 121 116 111 108 102 94 95 96 -9999 -9999 -9999 -9999
-9999 -9999 -9999 -9999 -9999 -9999 -9999 -9999 -9999 -9999 -9999 -9999 -9999 -9999 -9999 -9999 -9999 -9999 -9999 -9999 -9999 -9999 -9999 -9999 -9999 -9999 70 106 61 58 311 662 1072 1871 1083 1347 1876 3344 3530 1773 558 341 1299 1820 2533 2705 2684 2978 2487 2093 1408 872 834 378 220 195 183 173 162 154 146 138 131 127 139 143 146 144 130 122 113 114 113 127 125 128 119 106 104 102 101 98 99 -9999 -9999 -9999 -9999
-9999 -9999 -9999 -9999 -9999 -9999 -9999 -9999 -9999 -9999 -9999 -9999 -9999 -9999 -9999 -9999 -9999 -9999 -9999 -9999 -9999 -9999 -9999 -9999 -9999 -9999 38 76 47 44 513 988 1773 1490 981 1331 2197 4006 3552 1896 473 577 1310 1981 2568 2618 2960 3006 2257 1818 714 499 357 224 196 181 172 162 152 147 140 138 139 148 150 144 138 133 137 134 131 140 136 134 125 111 123 120 107 109 112 109 103 -9999 -9999 -9999 -9999
-9999 -9999 -9999 -9999 -9999 -9999 -9999 -9999 -9999 -9999 -9999 -9999 -9999 -9999 -9999 -9999 -9999 -9999 -9999 -9999 -9999 -9999 -9999 -9999 -9999 -9999 42 75 56 77 234 1090 1557 1172 1093 1337 2179 3094 3059 1596 423 481 753 1434 2606 2851 2640 3211 2544 1480 594 343 245 187 178 169 162 154 146 148 153 159 167 172 171 151 154 156 150 162 153 149 139 134 148 136 121 114 129 124 116 100 98 -9999 -9999 -9999 -9999
-9999 -9999 -9999 -9999 -9999 -9999 -9999 -9999 -9999 -9999 -9999 -9999 -9999 -9999 -9999 -9999 -9999 -9999 -9999 -9999 -9999 -9999 -9999 -9999 -9999 -9999 57 67 47 75 441 1227 1657 979 1110 1307 2808 2348 1561 821 569 443 648 1687 3034 2947 2107 2624 2094 646 401 212 189 173 167 159 161 155 169 174 178 181 170 163 162 155 158 165 150 140 135 133 141 129 131 134 126 145 136 120 105 101 97 -9999 -9999 -9999 -9999
-9999 -9999 -9999 -9999 -9999 -9999 -9999 -9999 -9999 -9999 -9999 -9999 -9999 -9999 -9999 -9999 -9999 -9999 -9999 -9999 -9999 -9999 -9999 -9999 -9999 21 45 50 56 147 827 2022 1244 1016 1543 1998 3336 2469 1260 669 389 330 720 1657 3281 3137 2124 1923 719 351 240 192 178 179 186 194 178 176 199 197 191 179 174 170 163 154 143 134 143 153 180 172 164 161 161 152 154 136 117 115 113 108 108 -9999 -9999 -9999 -9999
-9999 -9999 -9999 -9999 -9999 -9999 -9999 -9999 -9999 -9999 -9999 -9999 -9999 -9999 -9999 -9999 -9999 -9999 -9999 -9999 -9999 -9999 -9999 -9999 -9999 26 44 41 54 271 1914 1864 977 1475 2330 3292 2844 1814 842 427 316 506 1284 2470 3682 3336 2447 819 392 293 227 190 196 229 209 194 180 187 204 182 175 167 165 162 154 147 166 159 178 178 173 174 179 172 159 153 141 127 125 118 111 110 106 100 -9999 -9999 -9999
-9999 -9999 -9999 -9999 -9999 -9999 -9999 -9999 -9999 -9999 -9999 -9999 -9999 -9999 -9999 -9999 -9999 -9999 -9999 -9999 -9999 -9999 -9999 -9999 -9999 -9999 45 31 88 715 1840 1388 1237 2279 3204 3111 2431 1706 471 338 335 688 1765 2959 3605 3139 1544 543 369 278 227 197 215 215 209 200 174 196 188 190 189 178 163 167 169 167 166 173 169 170 171 162 159 150 141 133 126 118 113 109 106 103 98 99 -9999 -9999 -9999
-9999 -9999 -9999 -9999 -9999 -9999 -9999 -9999 -9999 -9999 -9999 -9999 -9999 -9999 -9999 -9999 -9999 -9999 -9999 -9999 -9999 -9999 -9999 -9999 -9999 -9999 -9999 24 349 1146 1394 1188 1360 2972 3609 3172 1428 743 484 332 424 1146 2454 3572 3187 2567 1297 465 340 271 228 224 228 214 199 183 176 203 203 200 189 170 176 181 190 183 173 162 171 164 158 152 133 127 122 119 115 113 110 111 107 104 99 103 95 -9999 -9999
-9999 -9999 -9999 -9999 -9999 -9999 -9999 -9999 -9999 -9999 -9999 -9999 -9999 -9999 -9999 -9999 -9999 -9999 -9999 -9999 -9999 -9999 -9999 -9999 -9999 -9999 -9999 123 653 1358 1540 974 1154 2675 3417 2339 1183 751 998 421 1004 1556 2855 2638 2809 1619 719 369 325 270 240 245 227 208 198 183 192 208 197 199 190 205 195 185 174 168 168 159 159 155 135 133 142 148 145 149 145 139 129 116 111 108 99 103 101 -9999 -9999
-9999 -9999 -9999 -9999 -9999 -9999 -9999 -9999 -9999 -9999 -9999 -9999 -9999 -9999 -9999 -9999 -9999 -9999 -9999 -9999 -9999 -9999 -9999 -9999 -9999 -9999 62 279 1265 2251 1475 960 1175 3182 3120 1813 1061 990 812 627 1279 1458 2192 1858 1611 847 500 337 271 261 235 229 224 218 197 182 202 226 226 218 230 221 220 212 190 182 170 184 171 142 144 172 175 159 173 159 152 143 130 129 123 109 104 103 103 102 -9999
-9999 -9999 -9999 -9999 -9999 -9999 -9999 -9999 -9999 -9999 -9999 -9999 -9999 -9999 -9999 -9999 -9999 -9999 -9999 -9999 -9999 -9999 -9999 -9999 -9999 32 92 450 1450 2422 1235 970 1207 3273 2886 2090 1433 1093 450 549 1149 1896 1396 1009 761 864 553 317 269 242 243 226 212 214 211 219 222 218 209 203 208 217 213 211 211 208 203 179 147 148 183 177 175 181 184 159 150 145 136 124 117 115 107 108 100 98 -9999
-9999 -9999 -9999 -9999 -9999 -9999 -9999 -9999 -9999 -9999 -9999 -9999 -9999 -9999 -9999 -9999 -9999 -9999 -9999 -9999 -9999 -9999 -9999 -9999 17 56 110 772 1109 1669 1044 1077 1821 3613 3212 2354 2056 927 459 808 1914 2006 1153 560 520 742 801 266 259 242 227 242 238 243 222 210 215 206 202 207 196 196 190 184 200 215 218 204 157 187 189 187 174 170 165 160 152 141 126 117 114 117 110 106 -9999 -9999 -9999
-9999 -9999 -9999 -9999 -9999 -9999 -9999 -9999 -9999 -9999 -9999 -9999 -9999 -9999 -9999 -9999 -9999 -9999 -9999 -9999 -9999 -9999 -9999 -9999 36 69 124 425 1830 1684 1384 1830 2579 3545 3279 2875 1745 669 542 1407 2497 2449 1263 476 428 535 847 271 249 240 228 215 215 230 220 213 190 187 182 174 175 178 177 185 176 177 225 212 166 202 195 181 172 164 154 139 134 136 129 130 125 124 114 -9999 -9999 -9999 -9999
-9999 -9999 -9999 -9999 -9999 -9999 -9999 -9999 -9999 -9999 -9999 -9999 -9999 -9999 -9999 -9999 -9999 -9999 -9999 -9999 -9999 -9999 -9999 25 58 105 420 690 1913 1647 1658 2366 3221 2568 2663 2353 1330 676 1121 2244 1876 1710 1306 442 377 356 533 325 263 247 246 226 214 210 201 187 182 187 198 203 195 192 183 173 162 163 201 170 197 201 188 178 175 166 149 148 154 144 141 131 124 123 126 119 -9999 -9999 -9999
-9999 -9999 -9999 -9999 -9999 -9999 -9999 -9999 -9999 -9999 -9999 -9999 -9999 -9999 -9999 -9999 -9999 -9999 -9999 7 4 12 13 40 133 493 1048 1022 1948 1646 1791 2580 3365 2378 1781 1395 833 791 1762 2443 1663 963 910 395 332 307 432 388 264 249 241 240 222 215 192 202 212 213 224 212 208 204 208 221 217 205 206 204 201 191 185 177 158 210 200 195 162 153 143 136 134 134 138 128 110 111 -9999
-9999 -9999 -9999 -9999 -9999 -9999 -9999 -9999 -9999 -9999 -9999 -9999 -9999 -9999 -9999 -9999 -9999 -9999 12 11 9 16 39 75 394 1898 1580 1784 1657 1630 2012 2968 3277 2424 1512 1183 881 1875 2363 1786 869 560 422 370 329 303 424 368 242 241 225 217 232 262 223 212 202 195 205 203 197 184 185 192 216 233 192 190 186 192 179 164 192 188 180 190 170 156 140 136 141 140 135 130 115 113 110
-9999 -9999 -9999 -9999 -9999 -9999 -9999 -9999 -9999 -9999 -9999 -9999 -9999 -9999 -9999 -9999 -9999 -9999 18 28 20 33 77 123 829 2247 2145 1587 953 1583 2737 3434 2822 2067 1785 988 1132 2621 1833 1274 767 397 337 321 301 283 278 277 245 238 243 259 308 248 202 207 208 192 194 187 188 184 191 179 182 172 168 170 172 164 166 203 194 186 188 198 212 160 143 136 169 141 135 130 117 117 107
-9999 -9999 -9999 -9999 -9999 -9999 -9999 -9999 -9999 -9999 -9999 -9999 -9999 -9999 -9999 -9999 -9999 -9999 29 26 30 55 113 275 762 1512 1944 784 1325 2302 3281 2934 2295 2043 1453 1047 1886 2185 1202 1102 478 293 359 350 312 287 268 263 277 272 274 306 314 251 234 211 192 201 216 216 197 216 290 281 187 191 193 185 175 179 209 208 196 193 189 201 189 157 142 141 194 168 143 138 -9999 -9999 112
-9999 -9999 -9999 -9999 -9999 -9999 -9999 -9999 -9999 -9999 -9999 -9999 -9999 -9999 -9999 -9999 -9999 -9999 37 35 37 76 171 503 618 1318 964 790 1662 2812 3216 2267 1759 1377 1484 1465 1731 1542 1039 311 291 274 328 335 324 321 302 298 292 291 290 295 267 244 240 238 215 204 222 231 231 253 277 198 183 183 177 186 213 213 213 201 198 191 183 175 168 155 142 142 207 202 151 -9999 -9999 -9999 117
-9999 -9999 -9999 -9999 -9999 -9999 -9999 -9999 -9999 -9999 -9999 -9999 -9999 -9999 -9999 -9999 -9999 9 19 52 55 110 298 573 909 1357 873 1390 2352 2870 2558 2624 2128 1614 1549 1636 858 1079 507 254 261 254 288 302 300 296 284 280 275 273 270 275 266 248 253 236 245 226 241 247 272 259 296 213 197 204 200 221 222 205 192 193 -9999 182 171 168 163 153 148 143 137 -9999 -9999 -9999 -9999 -9999 -9999
-9999 -9999 -9999 -9999 -9999 -9999 -9999 -9999 -9999 -9999 -9999 -9999 -9999 -9999 -9999 -9999 13 22 59 135 171 245 365 988 2112 1005 1463 2097 2979 2801 1875 2118 2248 2000 943 669 329 631 310 254 244 245 264 265 260 268 280 282 269 275 275 263 284 248 240 236 232 245 243 244 241 263 245 241 222 212 206 203 207 216 216 -9999 -9999 -9999 -9999 -9999 -9999 -9999 -9999 -9999 -9999 -9999 -9999 -9999 -9999 -9999 -9999
-9999 -9999 -9999 -9999 -9999 -9999 -9999 -9999 -9999 -9999 -9999 -9999 -9999 -9999 -9999 -9999 -9999 33 91 251 487 693 873 1269 1948 1725 1774 2068 3042 2184 1180 1407 1805 1553 528 284 242 252 253 263 239 246 268 251 235 245 259 264 249 247 273 270 463 286 245 235 225 227 225 233 231 234 251 283 228 213 203 200 201 201 211 -9999 -9999 -9999 -9999 -9999 -9999 -9999 -9999 -9999 -9999 -9999 -9999 -9999 -9999 -9999 -9999
-9999 -9999 -9999 -9999 -9999 -9999 -9999 -9999 -9999 -9999 -9999 -9999 -9999 -9999 -9999 -9999 -9999 -9999 168 307 681 1329 1711 2303 2245 2433 2759 2987 2770 2055 1040 1344 949 548 280 243 230 242 241 264 251 230 260 246 231 249 242 251 251 238 248 250 308 277 254 230 244 228 220 221 222 258 243 242 235 210 209 201 199 198 211 -9999 -9999 -9999 -9999 -9999 -9999 -9999 -9999 -9999 -9999 -9999 -9999 -9999 -9999 -9999 -9999
-9999 -9999 -9999 -9999 -9999 -9999 -9999 -9999 -9999 -9999 -9999 -9999 -9999 -9999 -9999 -9999 -9999 -9999 -9999 -9999 1009 1614 2347 3178 2929 2506 3128 2885 2332 1696 724 683 293 244 238 241 235 223 227 252 260 225 253 242 226 239 240 233 243 237 233 244 238 380 253 219 234 222 218 230 221 219 223 231 270 209 221 205 235 200 187 168 -9999 -9999 -9999 -9999 -9999 -9999 -9999 -9999 -9999 -9999 -9999 -9999 -9999 -9999 -9999
-9999 -9999 -9999 -9999 -9999 -9999 -9999 -9999 -9999 -9999 -9999 -9999 -9999 -9999 -9999 -9999 -9999 -9999 -9999 -9999 -9999 2125 3446 3167 2965 3086 3066 2701 1684 849 373 317 266 250 233 223 225 236 215 255 262 230 233 248 232 228 242 228 234 242 240 233 244 361 256 210 221 209 201 233 230 227 220 218 231 228 212 225 214 200 181 177 170 170 148 -9999 -9999 -9999 -9999 -9999 -9999 -9999 -9999 -9999 -9999 -9999 -9999
-9999 -9999 -9999 -9999 -9999 -9999 -9999 -9999 -9999 -9999 -9999 -9999 -9999 -9999 -9999 -9999 -9999 -9999 -9999 -9999 -9999 -9999 -9999 -9999 3027 2964 2197 1289 632 346 308 303 290 268 246 231 220 216 208 240 253 239 213 233 231 222 231 223 227 239 258 261 323 269 239 215 195 197 205 210 228 226 227 219 245 331 220 214 196 198 188 176 158 149 145 -9999 -9999 -9999 -9999 -9999 -9999 -9999 -9999 -9999 -9999 -9999 -9999
