Modelling/Chlorochrysa.nitidissima/G_variables/Set_1/G/wc2.1_10m_bio_1_s.asc
NCOLS 89 
NROWS 105 
XLLCORNER -81.6666666666667 
YLLCORNER -4.16666666666667 
CELLSIZE 0.166666666666667 
NODATA_value -9999 
[rows 37 to 73 of 105, columns 0 to 82 of 89]
-9999 -9999 -9999 -9999 -9999 -9999 -9999 -9999 -9999 -9999 -9999 -9999 -9999 -9999 -9999 -9999 -9999 -9999 -9999 -9999 -9999 -9999 -9999 -9999 26 26.3 27.1 27.5 27.8 27.5 26.1 24.8 19.5 16.6 15.2 22 20.6 19.7 21.7 22.1 24.2 24.9 25.5 25.8 27 28 28.1 28 27.5 26.1 22.7 20.8 9.8 8.3 11.5 15 20.4 23.8 -9999 -9999 -9999 -9999 -9999 -9999 -9999 27.1 -9999 -9999 -9999 -9999 -9999 -9999 -9999 -9999 -9999 -9999 -9999 -9999 -9999 -9999 -9999 -9999 -9999
-9999 -9999 -9999 -9999 -9999 -9999 -9999 -9999 -9999 -9999 -9999 -9999 -9999 -9999 -9999 -9999 -9999 -9999 -9999 -9999 -9999 -9999 -9999 -9999 25.7 25.7 26.5 27.6 28 27.8 25.1 23.6 21.3 20.4 18.2 19.4 14.6 16.3 20.8 21.1 22.2 24 25.3 26.9 27.9 28 28 27.9 27.2 23.4 21.4 21.5 15.7 8.1 9.3 13.8 18.7 22.9 24.8 25.7 26.1 26.3 26.5 26.7 26.8 26.9 27.1 27.1 27.2 27.2 -9999 -9999 -9999 -9999 -9999 -9999 -9999 -9999 -9999 -9999 -9999 -9999 -9999
-9999 -9999 -9999 -9999 -9999 -9999 -9999 -9999 -9999 -9999 -9999 -9999 -9999 -9999 -9999 -9999 -9999 -9999 -9999 -9999 -9999 -9999 -9999 -9999 -9999 25.7 26 27.6 28.1 27.9 24.1 23.3 18.8 19.7 20.1 16.1 13.7 14.7 19.6 22 22.1 23.6 25.6 27.4 27.9 27.9 27.9 27.6 26.4 18.5 22 21.5 19.5 13.7 8.1 8.5 11.7 17 22.3 25.4 25.9 26.3 26.5 26.6 26.8 27 27 27.1 27.1 27.2 -9999 -9999 -9999 -9999 -9999 -9999 -9999 -9999 -9999 -9999 -9999 -9999 -9999
-9999 -9999 -9999 -9999 -9999 -9999 -9999 -9999 -9999 -9999 -9999 -9999 -9999 -9999 -9999 -9999 -9999 -9999 -9999 -9999 -9999 -9999 -9999 -9999 -9999 -9999 26.4 27.5 28.1 27.8 25.4 24.8 18 14.3 20 20.9 14.6 15.8 20.2 21.8 22.7 23.7 26 27.7 27.9 27.9 27.6 27.1 24.2 16.1 22.5 19.3 19.2 18.9 13 5.8 6.6 9 18.8 25.1 26 26.2 26.4 26.6 26.8 26.9 27 27.1 27.2 27.2 27.2 -9999 -9999 -9999 -9999 -9999 -9999 -9999 -9999 -9999 -9999 -9999 -9999
-9999 -9999 -9999 -9999 -9999 -9999 -9999 -9999 -9999 -9999 -9999 -9999 -9999 -9999 -9999 -9999 -9999 -9999 -9999 -9999 -9999 -9999 -9999 -9999 -9999 -9999 25.3 26.9 27.6 27.8 25.7 24.7 19.9 13.6 19.9 22.8 15.7 18.3 18.6 20.7 23.1 24.5 26.6 27.9 27.8 27.7 27.2 25.4 23.4 17.8 20.9 18.9 15.5 15.8 15.6 8.5 3.9 11.9 21.4 25.4 26.2 26.3 26.4 26.6 26.8 26.9 27 27.1 27.1 27.2 27.2 27.2 -9999 -9999 -9999 -9999 -9999 -9999 -9999 -9999 -9999 -9999 -9999
-9999 -9999 -9999 -9999 -9999 -9999 -9999 -9999 -9999 -9999 -9999 -9999 -9999 -9999 -9999 -9999 -9999 -9999 -9999 -9999 -9999 -9999 -9999 -9999 -9999 -9999 24.2 26.2 27.1 27.6 26.6 24.7 17.9 16.7 21.5 19.9 18.7 16.5 17.8 20 23 25.5 27.5 27.8 27.4 27.4 26 24.1 20.7 20.6 19.3 18.7 11 11.8 14.5 7.3 12 19.7 24.4 25.7 26.3 26.4 26.5 26.7 26.8 26.9 27 27.1 27.1 27.2 27.2 27.2 27.3 -9999 -9999 -9999 -9999 -9999 -9999 -9999 -9999 -9999 -9999
-9999 -9999 -9999 -9999 -9999 -9999 -9999 -9999 -9999 -9999 -9999 -9999 -9999 -9999 -9999 -9999 -9999 -9999 -9999 -9999 -9999 -9999 -9999 -9999 -9999 -9999 24.4 25.5 26.7 27.3 27.1 25.2 19.7 15.1 20.9 20.9 16.3 16.3 16.8 20.8 23.5 26.4 27.8 27.7 27 26.1 22.4 16.8 19.6 19.8 17.4 14.2 8.7 11.4 11.1 10.6 18.1 22.3 24.6 26.1 26.4 26.5 26.6 26.7 26.8 26.9 27 27.1 27.1 27.2 27.2 27.2 27.3 27.3 -9999 27.4 27.6 27.6 27.6 27.8 27.8 27.8 27.9
-9999 -9999 -9999 -9999 -9999 -9999 -9999 -9999 -9999 -9999 -9999 -9999 -9999 -9999 -9999 -9999 -9999 -9999 -9999 -9999 -9999 -9999 -9999 -9999 -9999 -9999 25.6 25.7 26.3 27.1 27 25.3 18.9 16.6 22.1 22.6 19.9 15.9 16.7 22.8 24.3 27 27.8 27.5 25.3 24.6 15.7 17.4 18.7 16.5 14.2 9.4 12.1 10.4 8.7 14.9 19.9 23.2 25.5 26.3 26.4 26.5 26.6 26.7 26.8 26.9 27 27 27.1 27.2 27.2 27.3 27.3 27.3 27.4 27.5 27.7 27.7 27.7 27.8 27.9 27.9 27.8
-9999 -9999 -9999 -9999 -9999 -9999 -9999 -9999 -9999 -9999 -9999 -9999 -9999 -9999 -9999 -9999 -9999 -9999 -9999 -9999 -9999 -9999 -9999 -9999 -9999 -9999 25.8 25.8 26.2 26.8 26.9 25.7 22.6 15.4 20.8 19.2 23.7 17.7 15 20.7 24.6 27.3 27.6 26.5 24 23.6 18.5 13.7 15.1 11.8 12.2 13.4 13.3 9 14.2 17.6 22.2 25 26.2 26.4 26.6 26.6 26.7 26.8 26.9 26.9 27 27.1 27.1 27.1 27.2 27.2 27.3 27.4 27.6 27.7 27.8 27.8 27.9 27.9 27.9 27.9 27.9
-9999 -9999 -9999 -9999 -9999 -9999 -9999 -9999 -9999 -9999 -9999 -9999 -9999 -9999 -9999 -9999 -9999 -9999 -9999 -9999 -9999 -9999 -9999 -9999 -9999 25.6 24.5 25.6 26.2 26.7 26.7 26.3 23.6 16.9 15.8 14.8 21.4 16.7 15.6 21.5 24.5 27.4 27.1 23.7 22.3 23.4 15.6 13.9 15.8 12 12.8 11.5 10.6 9.9 18.3 21.2 24.8 26.2 26.5 26.6 26.6 26.7 26.8 26.8 26.9 27 27 27 27 27.1 27.2 27.3 27.4 27.5 27.5 27.6 27.8 27.8 27.9 27.9 28 28 28
-9999 -9999 -9999 -9999 -9999 -9999 -9999 -9999 -9999 -9999 -9999 -9999 -9999 -9999 -9999 -9999 -9999 -9999 -9999 -9999 -9999 -9999 -9999 -9999 -9999 -9999 24 25.7 26.4 26.5 26.5 26.1 25.1 22.4 17.6 16.6 21.3 14.6 12 18.2 24.5 27.3 25.4 21.2 21.3 20.3 13.2 13.9 11.1 13.8 12.7 10.8 10.1 14.1 19.6 24.5 26.4 26.6 26.6 26.6 26.6 26.7 26.8 26.9 26.9 26.9 26.9 27 27 27.1 27.2 27.2 27.3 27.4 27.5 27.6 27.7 27.8 27.8 27.8 27.9 27.9 27.9
-9999 -9999 -9999 -9999 -9999 -9999 -9999 -9999 -9999 -9999 -9999 -9999 -9999 -9999 -9999 -9999 -9999 -9999 -9999 -9999 -9999 -9999 -9999 -9999 -9999 -9999 25.2 25.9 26.4 26.3 26.4 25.1 22.7 18.4 17.8 20.7 21.2 12.6 11.8 18.9 24.4 26.9 24 22.1 20.2 13.9 10.7 13 12 15.1 14.6 17.5 18.2 21.6 24.3 26.3 26.6 26.7 26.7 26.7 26.7 26.7 26.7 26.8 26.9 26.9 26.9 27 27.1 27.1 27.2 27.3 27.4 27.4 27.5 27.6 27.6 27.7 27.8 27.9 27.9 27.9 27.8
-9999 -9999 -9999 -9999 -9999 -9999 -9999 -9999 -9999 -9999 -9999 -9999 -9999 -9999 -9999 -9999 -9999 -9999 -9999 -9999 -9999 -9999 -9999 -9999 -9999 -9999 25.9 26.1 26.3 26.4 26.3 24.7 19.1 12.5 20.5 22 20.7 12.5 12.3 18.7 24.9 26.9 22.1 22.6 18.3 11.9 13.2 13 14.6 17.6 16.3 20.6 19.6 24.4 26.1 26.7 26.7 26.7 26.7 26.7 26.8 26.8 26.8 26.8 26.8 26.9 26.9 26.9 27 27 27.1 27.2 27.4 27.4 27.4 27.5 27.6 27.7 27.7 27.8 27.8 27.8 27.8
-9999 -9999 -9999 -9999 -9999 -9999 -9999 -9999 -9999 -9999 -9999 -9999 -9999 -9999 -9999 -9999 -9999 -9999 -9999 -9999 -9999 -9999 -9999 -9999 -9999 -9999 25.8 25.8 26.2 26.4 25.2 23.5 21.3 17.5 22.3 21.1 17.7 8.7 7.6 18 25.4 26.6 21.3 18.3 14.1 13.1 13.3 11.5 14.6 17 20.5 23.3 23.4 25.8 26.6 26.7 26.7 26.7 26.7 26.8 26.8 26.8 26.8 26.8 26.7 26.8 26.8 26.9 27 27.1 27.2 27.3 27.3 27.3 27.4 27.4 27.5 27.6 27.7 27.7 27.7 27.6 27.6
-9999 -9999 -9999 -9999 -9999 -9999 -9999 -9999 -9999 -9999 -9999 -9999 -9999 -9999 -9999 -9999 -9999 -9999 -9999 -9999 -9999 -9999 -9999 -9999 -9999 -9999 25.9 25.8 26.1 26.3 24.1 21.8 18.1 20.1 23.1 21.1 15.5 5 7.5 17.4 26 25.2 21.3 17.1 13.6 13.5 11.3 11 15.9 18.3 23.9 25.1 25.9 26.6 26.7 26.7 26.7 26.8 26.8 26.8 26.8 26.8 26.7 26.7 26.7 26.8 26.9 26.9 26.9 27 27.1 27.1 27.1 27.2 27.3 27.4 27.4 27.4 27.5 27.5 27.4 27.4 27.5
-9999 -9999 -9999 -9999 -9999 -9999 -9999 -9999 -9999 -9999 -9999 -9999 -9999 -9999 -9999 -9999 -9999 -9999 -9999 -9999 -9999 -9999 -9999 -9999 -9999 -9999 25.8 25.8 26 26.1 25.6 21.5 19.5 22.1 22.6 21 15.7 10.1 10.3 19.4 26.7 26.2 24.6 20.3 13.3 12.2 13.2 9.6 13.7 19.8 24.4 25.9 26.4 26.6 26.7 26.7 26.8 26.8 26.8 26.7 26.7 26.7 26.6 26.6 26.6 26.7 26.8 26.8 26.8 26.8 26.9 27 27.1 27.1 27 27.1 27.3 27.3 27.2 27.2 27.3 27.4 27.5
-9999 -9999 -9999 -9999 -9999 -9999 -9999 -9999 -9999 -9999 -9999 -9999 -9999 -9999 -9999 -9999 -9999 -9999 -9999 -9999 -9999 -9999 -9999 -9999 -9999 -9999 25.7 25.8 26.1 26.2 24.7 21 19 23.4 22.6 21.2 11.9 14.6 19.6 24.7 26.1 26.7 25.2 18.6 10.7 11.3 16.5 13 16 23.8 25.4 26.5 26.6 26.7 26.7 26.7 26.7 26.7 26.6 26.7 26.6 26.6 26.7 26.7 26.7 26.7 26.7 26.8 26.8 26.9 26.9 27 26.9 27 27 27 27.1 27 27 27.1 27.2 27.3 27.4
-9999 -9999 -9999 -9999 -9999 -9999 -9999 -9999 -9999 -9999 -9999 -9999 -9999 -9999 -9999 -9999 -9999 -9999 -9999 -9999 -9999 -9999 -9999 -9999 -9999 25.7 25.7 25.9 26.1 25.9 22.7 16.5 21.8 23.3 19.9 16.9 8.7 14 21.9 25.8 27.3 27.4 24.6 18.6 9.2 10.1 16 17.2 23.4 25.4 26.2 26.5 26.6 26.7 26.7 26.7 26.7 26.7 26.6 26.6 26.6 26.7 26.7 26.7 26.7 26.8 26.8 26.8 26.8 26.7 26.5 26.5 26.6 26.6 26.7 26.7 26.8 26.9 27 27 27.1 27.2 27.3
-9999 -9999 -9999 -9999 -9999 -9999 -9999 -9999 -9999 -9999 -9999 -9999 -9999 -9999 -9999 -9999 -9999 -9999 -9999 -9999 -9999 -9999 -9999 -9999 -9999 25.7 25.7 26 26.2 25.4 16.8 17.5 23.6 20.3 15.1 9.2 11.8 18.1 24.7 27.4 27.7 26.2 20.9 13.6 7 8.8 13.9 23.1 25.3 25.8 26.2 26.5 26.6 26.5 26.6 26.7 26.8 26.7 26.6 26.7 26.8 26.8 26.8 26.8 26.8 26.8 26.7 26.7 26.5 26.4 26.4 26.5 26.5 26.5 26.6 26.7 26.7 26.8 26.9 26.9 27 27 27.1
-9999 -9999 -9999 -9999 -9999 -9999 -9999 -9999 -9999 -9999 -9999 -9999 -9999 -9999 -9999 -9999 -9999 -9999 -9999 -9999 -9999 -9999 -9999 -9999 -9999 -9999 25.9 26.1 26.1 23.3 17.3 20.4 21.7 15.4 10 10.1 14.3 18.8 27.1 28 27.5 25 17.9 11 7.4 9.8 19.1 24.6 25.5 25.9 26.2 26.5 26.5 26.6 26.7 26.8 26.9 26.7 26.8 26.8 26.8 26.8 26.8 26.8 26.7 26.6 26.6 26.5 26.4 26.4 26.4 26.5 26.5 26.6 26.7 26.7 26.7 26.8 26.8 26.9 26.9 26.9 27
-9999 -9999 -9999 -9999 -9999 -9999 -9999 -9999 -9999 -9999 -9999 -9999 -9999 -9999 -9999 -9999 -9999 -9999 -9999 -9999 -9999 -9999 -9999 -9999 -9999 -9999 -9999 26.3 25 21.3 20.2 21.9 20.9 11.3 7.4 9.8 20.9 25.4 27.2 28.1 27 22 13.7 7.6 9.6 13.1 20.5 25.1 25.7 26 26.3 26.4 26.5 26.6 26.7 26.9 26.9 26.8 26.8 26.8 26.8 26.8 26.8 26.7 26.4 26.4 26.4 26.5 26.4 26.4 26.5 26.5 26.6 26.7 26.7 26.7 26.7 26.8 26.8 26.8 26.8 26.8 26.9
-9999 -9999 -9999 -9999 -9999 -9999 -9999 -9999 -9999 -9999 -9999 -9999 -9999 -9999 -9999 -9999 -9999 -9999 -9999 -9999 -9999 -9999 -9999 -9999 -9999 -9999 -9999 26 23.8 20.3 19.6 23.5 22.4 12.9 8.3 14.9 22.6 25.3 23.8 27.4 23.1 19.2 11.5 12.7 11.6 18.4 23.8 25.7 25.8 26.1 26.3 26.4 26.6 26.8 26.9 27 27 26.9 26.9 26.8 26.8 26.7 26.5 26.5 26.5 26.5 26.5 26.5 26.5 26.5 26.6 26.6 26.5 26.5 26.5 26.5 26.5 26.6 26.6 26.7 26.8 26.8 26.9
-9999 -9999 -9999 -9999 -9999 -9999 -9999 -9999 -9999 -9999 -9999 -9999 -9999 -9999 -9999 -9999 -9999 -9999 -9999 -9999 -9999 -9999 -9999 -9999 -9999 -9999 26.2 25.3 20.7 15 20.2 23.8 22.4 9.8 10 18.4 23.3 23.9 24.9 26 21.3 20 15.1 16.9 18.4 23 25.1 25.9 26.1 26.2 26.4 26.6 26.8 26.9 27.1 27.1 27 26.9 26.9 26.7 26.5 26.5 26.4 26.4 26.4 26.4 26.5 26.4 26.4 26.5 26.5 26.3 26.3 26.4 26.3 26.4 26.4 26.5 26.6 26.6 26.6 26.8 26.9
-9999 -9999 -9999 -9999 -9999 -9999 -9999 -9999 -9999 -9999 -9999 -9999 -9999 -9999 -9999 -9999 -9999 -9999 -9999 -9999 -9999 -9999 -9999 -9999 -9999 26.3 26.1 24.6 19.7 14.1 21.8 23.7 22.2 9.2 11.3 16.6 21.1 23.3 27.1 26.5 22.1 17.1 19.7 22.1 23.6 23 24.7 26 26.2 26.4 26.5 26.7 26.9 27 27.1 27 27 27.1 27 26.8 26.6 26.5 26.5 26.4 26.4 26.3 26.3 26.4 26.5 26.5 26.3 26.3 26.3 26.3 26.2 26.4 26.4 26.4 26.5 26.5 26.6 26.7 26.8
-9999 -9999 -9999 -9999 -9999 -9999 -9999 -9999 -9999 -9999 -9999 -9999 -9999 -9999 -9999 -9999 -9999 -9999 -9999 -9999 -9999 -9999 -9999 -9999 26.3 26.3 26.1 23.2 21.7 19 23.3 23.2 18.1 7.2 9.4 14.7 16.8 24.2 27 24.5 17.1 16.1 21.3 24.8 24.9 23.6 23.2 26.2 26.3 26.5 26.6 26.9 27 27.1 27.2 27.2 27.3 27.2 27.1 26.9 26.8 26.7 26.6 26.6 26.4 26.3 26.3 26.3 26.5 26.3 26.2 26.2 26.3 26.3 26.3 26.3 26.3 26.4 26.5 26.5 26.6 26.6 26.7
-9999 -9999 -9999 -9999 -9999 -9999 -9999 -9999 -9999 -9999 -9999 -9999 -9999 -9999 -9999 -9999 -9999 -9999 -9999 -9999 -9999 -9999 -9999 -9999 26.3 26.3 26.2 25 17.6 18.9 21 18.1 13.3 7.5 9 11.5 18.8 25.5 26.3 20.5 13.5 13.6 20.6 25.1 25.3 24.7 23 26.2 26.4 26.5 26.7 27 27.2 27.3 27.4 27.4 27.5 27.4 27.2 27.1 27 26.8 26.7 26.6 26.6 26.5 26.2 26.3 26.4 26.2 26.2 26.2 26.2 26.2 26.3 26.3 26.4 26.4 26.4 26.4 26.4 26.5 26.5
-9999 -9999 -9999 -9999 -9999 -9999 -9999 -9999 -9999 -9999 -9999 -9999 -9999 -9999 -9999 -9999 -9999 -9999 -9999 -9999 -9999 -9999 -9999 26.2 26.2 26.2 25 23.9 17.2 19.2 19.1 14.7 9.4 13.3 12.7 14.6 21.2 25.1 22.5 15.2 17.2 18.1 20.5 25.1 25.4 25.5 24.6 25.9 26.3 26.5 26.7 27 27.3 27.5 27.6 27.6 27.5 27.5 27.1 27 26.9 26.8 26.7 26.7 26.6 26.6 26.3 26.4 26.2 26.1 26.2 26.2 26.2 26.2 26.3 26.3 26.2 26.3 26.3 26.3 26.4 26.4 26.4
-9999 -9999 -9999 -9999 -9999 -9999 -9999 -9999 -9999 -9999 -9999 -9999 -9999 -9999 -9999 -9999 -9999 -9999 -9999 26 26 26 26.1 26.1 25.9 24.5 22 22.4 17 19.1 18.2 13.4 8.6 14.5 18.3 20.5 23.7 24 18.4 14 18.6 22.5 22.6 25.2 25.5 25.7 25.1 25.5 26.2 26.5 26.7 26.9 27.3 27.7 27.9 27.7 27.5 27.3 27 26.9 26.8 26.7 26.6 26.4 26.4 26.3 26.3 26.2 26.1 26.2 26.1 26.1 26.2 25.9 26 26 26.1 26.2 26.2 26.3 26.3 26.3 26.3
-9999 -9999 -9999 -9999 -9999 -9999 -9999 -9999 -9999 -9999 -9999 -9999 -9999 -9999 -9999 -9999 -9999 -9999 26 26.1 26.1 26.1 26.1 26 24.7 16.8 19.1 17.9 19.1 19.2 16.8 11 8.9 14.1 19.7 21.6 23.1 17.5 14.5 18 22.9 24.3 24.9 25.2 25.4 25.6 25.1 25.6 26.3 26.5 26.8 27.1 27.3 27.4 27.7 27.6 27.4 27.3 27.1 27 26.9 26.8 26.7 26.6 26.4 26.2 26.3 26.2 26.2 26.1 26.1 26.2 26 26 26 25.9 26 26.1 26.2 26.2 26.2 26.2 26.2
-9999 -9999 -9999 -9999 -9999 -9999 -9999 -9999 -9999 -9999 -9999 -9999 -9999 -9999 -9999 -9999 -9999 -9999 26 26 26.1 26.1 26 25.8 22.7 14.9 15.8 19.4 23.7 19.6 12.3 8.2 11.5 16.3 18 22.5 21.6 13 17.5 20.8 23.2 24.7 25.1 25.3 25.5 25.7 25.9 26.1 26.3 26.5 26.7 26.8 26.8 27.3 27.6 27.5 27.3 27.3 27.2 27.1 26.9 26.8 26.7 26.6 26.5 26.5 26.4 26.3 26.2 26.2 26.1 25.9 25.9 25.9 25.9 25.9 25.8 26 26.1 26.1 26 26.1 26.2
-9999 -9999 -9999 -9999 -9999 -9999 -9999 -9999 -9999 -9999 -9999 -9999 -9999 -9999 -9999 -9999 -9999 -9999 26 26.1 26.1 26 25.8 25.2 23.2 19.2 17.1 24.6 21.5 15.1 8.9 10.7 14.8 16.4 19.8 22.2 17.3 15.4 20.9 21.5 24.3 25 24.8 25 25.3 25.6 25.9 26.1 26.1 26.3 26.4 26.4 26.6 27.1 27.3 27.3 27.3 27.2 27 26.8 26.8 26.6 26.1 26.1 26.4 26.3 26.2 26.2 26.1 26.1 25.8 25.8 25.8 25.8 25.8 25.8 25.8 26 26.1 26.1 25.8 26 26.1
-9999 -9999 -9999 -9999 -9999 -9999 -9999 -9999 -9999 -9999 -9999 -9999 -9999 -9999 -9999 -9999 -9999 -9999 26 26 26 25.8 25.4 24.1 24 20.6 23.4 24.6 19.5 11.9 9.2 15 18.4 20.3 19.7 19.7 18.2 19.2 21.8 25.4 25.2 25.2 25 25.1 25.2 25.5 25.6 25.7 25.9 26.1 26.3 26.4 26.7 26.9 27 27 27 27 26.8 26.7 26.6 26.4 26.2 26.4 26.4 26.3 26.2 26.1 25.9 25.8 25.8 25.8 25.8 25.8 25.8 25.8 25.9 25.9 26 26 25.7 25.8 26
-9999 -9999 -9999 -9999 -9999 -9999 -9999 -9999 -9999 -9999 -9999 -9999 -9999 -9999 -9999 -9999 -9999 26 25.9 25.8 25.8 25.5 24.6 23.7 22.5 20.6 23.9 21.1 15.1 11.4 13.3 12.9 16.1 19 19.2 18.7 22.8 21.7 24.4 25.5 25.4 25.3 25.2 25.2 25.3 25.5 25.7 25.8 26 26.1 26.3 26.4 26.5 26.7 26.7 26.8 26.7 26.8 26.6 26.5 26.3 26.3 26 26.3 26.3 26.1 26.1 25.9 25.8 25.8 25.8 25.8 -9999 25.8 25.8 25.8 25.8 25.9 25.9 26 26 -9999 -9999
-9999 -9999 -9999 -9999 -9999 -9999 -9999 -9999 -9999 -9999 -9999 -9999 -9999 -9999 -9999 -9999 25.9 25.8 25.6 25.3 25.1 24.8 24.3 21.6 15.8 22.7 20.5 16.7 11.1 11.7 17.4 16.1 15.4 16.8 22.2 23.7 25.4 23.9 25.4 25.5 25.5 25.4 25.3 25.3 25.4 25.6 25.6 25.7 25.9 26 26.1 26.3 26.3 26.6 26.6 26.7 26.7 26.6 26.5 26.4 26.4 26.2 26.2 26.1 26.1 26 26 25.9 25.8 25.7 25.6 -9999 -9999 -9999 -9999 -9999 -9999 -9999 -9999 -9999 -9999 -9999 -9999
-9999 -9999 -9999 -9999 -9999 -9999 -9999 -9999 -9999 -9999 -9999 -9999 -9999 -9999 -9999 -9999 -9999 25.7 25.4 24.5 23.4 22.6 21.9 20.2 17 18.6 18.6 16.8 10.5 15.5 21.4 20.2 17.9 19.2 24.2 25.3 25.6 25.6 25.6 25.5 25.5 25.4 25.3 25.4 25.6 25.6 25.6 25.7 25.9 26.1 26.1 26.2 25.4 26.3 26.5 26.6 26.6 26.6 26.6 26.4 26.3 26.2 26.1 25.9 26 26 25.9 25.8 25.8 25.7 25.6 -9999 -9999 -9999 -9999 -9999 -9999 -9999 -9999 -9999 -9999 -9999 -9999
-9999 -9999 -9999 -9999 -9999 -9999 -9999 -9999 -9999 -9999 -9999 -9999 -9999 -9999 -9999 -9999 -9999 -9999 24.9 24 22.5 19.8 17.9 14.8 15.4 14.3 12.4 10.9 12.1 16.3 21.9 20.4 22.2 24.1 25.2 25.4 25.5 25.6 25.6 25.4 25.4 25.5 25.4 25.4 25.6 25.6 25.7 25.8 25.9 26.1 26.1 26.2 26 26.2 26.3 26.5 26.4 26.5 26.5 26.4 26.3 26.1 26.1 26 25.9 25.9 25.8 25.8 25.7 25.6 25.5 -9999 -9999 -9999 -9999 -9999 -9999 -9999 -9999 -9999 -9999 -9999 -9999
-9999 -9999 -9999 -9999 -9999 -9999 -9999 -9999 -9999 -9999 -9999 -9999 -9999 -9999 -9999 -9999 -9999 -9999 -9999 -9999 21 18.4 14.6 10.1 11.6 13.9 10.2 11.4 14.4 18.2 23.2 23.2 25.1 25.3 25.3 25.4 25.4 25.5 25.5 25.4 25.4 25.5 25.4 25.4 25.6 25.6 25.7 25.8 25.9 26 26.1 26.1 26.2 25.7 26.3 26.4 26.3 26.4 26.4 26.2 26.2 26.2 26.1 25.9 25.7 25.9 25.7 25.7 25.5 25.5 25.5 25.6 -9999 -9999 -9999 -9999 -9999 -9999 -9999 -9999 -9999 -9999 -9999
