Modelling/Chlorochrysa.nitidissima/G_variables/Set_1/G/wc2.1_10m_bio_10_s.asc
NCOLS 89 
NROWS 105 
XLLCORNER -81.6666666666667 
YLLCORNER -4.16666666666667 
CELLSIZE 0.166666666666667 
NODATA_value -9999 
[rows 37 to 73 of 105, columns 0 to 82 of 89]
-9999 -9999 -9999 -9999 -9999 -9999 -9999 -9999 -9999 -9999 -9999 -9999 -9999 -9999 -9999 -9999 -9999 -9999 -9999 -9999 -9999 -9999 -9999 -9999 26.5 26.8 27.5 27.9 28.2 27.9 26.5 25.2 19.9 17.1 15.6 22.6 21.2 20.4 22.3 22.6 24.6 25.3 25.8 26.1 27.3 28.4 28.5 28.3 27.8 26.3 22.9 21 10.2 8.8 11.8 15.4 20.7 24.1 -9999 -9999 -9999 -9999 -9999 -9999 -9999 28.2 -9999 -9999 -9999 -9999 -9999 -9999 -9999 -9999 -9999 -9999 -9999 -9999 -9999 -9999 -9999 -9999 -9999
-9999 -9999 -9999 -9999 -9999 -9999 -9999 -9999 -9999 -9999 -9999 -9999 -9999 -9999 -9999 -9999 -9999 -9999 -9999 -9999 -9999 -9999 -9999 -9999 26.2 26.1 26.9 28 28.4 28.2 25.5 24 21.8 20.8 18.7 19.9 15.1 16.9 21.4 21.6 22.6 24.3 25.6 27.2 28.2 28.3 28.3 28.2 27.5 23.7 21.7 21.8 16 8.5 9.7 14.2 19 23.3 25.3 26.2 26.6 26.9 27.2 27.5 27.9 28.1 28.2 28.3 28.4 28.4 -9999 -9999 -9999 -9999 -9999 -9999 -9999 -9999 -9999 -9999 -9999 -9999 -9999
-9999 -9999 -9999 -9999 -9999 -9999 -9999 -9999 -9999 -9999 -9999 -9999 -9999 -9999 -9999 -9999 -9999 -9999 -9999 -9999 -9999 -9999 -9999 -9999 -9999 26.1 26.4 28 28.5 28.3 24.5 23.7 19.2 20.1 20.6 16.6 14.2 15.2 20.2 22.5 22.5 24 25.9 27.7 28.3 28.2 28.3 28 26.7 18.8 22.3 21.8 19.8 14 8.5 8.9 12.1 17.3 22.7 26 26.6 27 27.3 27.6 27.9 28.1 28.2 28.3 28.4 28.5 -9999 -9999 -9999 -9999 -9999 -9999 -9999 -9999 -9999 -9999 -9999 -9999 -9999
-9999 -9999 -9999 -9999 -9999 -9999 -9999 -9999 -9999 -9999 -9999 -9999 -9999 -9999 -9999 -9999 -9999 -9999 -9999 -9999 -9999 -9999 -9999 -9999 -9999 -9999 26.8 27.8 28.4 28.2 25.8 25.2 18.3 14.6 20.4 21.3 15.1 16.4 20.7 22.2 23.1 24.1 26.3 28 28.2 28.1 28 27.4 24.4 16.4 22.9 19.7 19.6 19.3 13.4 6.2 7 9.4 19.2 25.7 26.8 27.1 27.3 27.6 27.9 28.1 28.2 28.3 28.4 28.5 28.5 -9999 -9999 -9999 -9999 -9999 -9999 -9999 -9999 -9999 -9999 -9999 -9999
-9999 -9999 -9999 -9999 -9999 -9999 -9999 -9999 -9999 -9999 -9999 -9999 -9999 -9999 -9999 -9999 -9999 -9999 -9999 -9999 -9999 -9999 -9999 -9999 -9999 -9999 25.7 27.2 27.9 28.1 26 25 20.3 13.9 20.3 23.2 16.1 18.8 19.1 21.2 23.5 24.8 26.9 28.1 28 28 27.5 25.7 23.7 18.1 21.2 19.3 15.8 16.2 16.1 9 4.4 12.3 22 26.2 27 27.2 27.4 27.6 27.9 28.1 28.2 28.3 28.4 28.4 28.5 28.5 -9999 -9999 -9999 -9999 -9999 -9999 -9999 -9999 -9999 -9999 -9999
-9999 -9999 -9999 -9999 -9999 -9999 -9999 -9999 -9999 -9999 -9999 -9999 -9999 -9999 -9999 -9999 -9999 -9999 -9999 -9999 -9999 -9999 -9999 -9999 -9999 -9999 24.6 26.5 27.3 27.9 27 25 18.2 17 21.9 20.3 19.1 16.9 18.3 20.4 23.5 25.9 27.8 28.1 27.7 27.7 26.3 24.7 21 21 19.6 19.1 11.4 12.2 14.9 7.8 12.5 20.3 25.1 26.6 27.2 27.4 27.6 27.8 28 28.1 28.2 28.3 28.4 28.4 28.4 28.5 28.6 -9999 -9999 -9999 -9999 -9999 -9999 -9999 -9999 -9999 -9999
-9999 -9999 -9999 -9999 -9999 -9999 -9999 -9999 -9999 -9999 -9999 -9999 -9999 -9999 -9999 -9999 -9999 -9999 -9999 -9999 -9999 -9999 -9999 -9999 -9999 -9999 24.8 25.8 27 27.6 27.5 25.5 20 15.4 21.3 21.3 16.6 16.7 17.1 21.2 23.9 26.7 28.1 28 27.3 26.4 22.7 17.2 19.9 20.1 17.7 14.6 9.1 11.9 11.6 11.1 18.6 23 25.5 27.1 27.4 27.6 27.7 27.9 28 28.1 28.2 28.3 28.3 28.4 28.5 28.5 28.6 28.6 -9999 28.8 29 29 29 29.2 29.3 29.3 29.4
-9999 -9999 -9999 -9999 -9999 -9999 -9999 -9999 -9999 -9999 -9999 -9999 -9999 -9999 -9999 -9999 -9999 -9999 -9999 -9999 -9999 -9999 -9999 -9999 -9999 -9999 26 26 26.6 27.4 27.3 25.7 19.3 16.9 22.5 23.1 20.3 16.2 17.1 23.2 24.7 27.3 28.1 27.8 25.6 24.9 16.1 17.7 19 16.9 14.6 9.9 12.6 10.9 9.2 15.4 20.5 24 26.5 27.3 27.5 27.6 27.8 27.9 28 28.1 28.2 28.3 28.4 28.5 28.5 28.6 28.6 28.6 28.7 28.8 29 29.1 29.1 29.2 29.3 29.3 29.4
-9999 -9999 -9999 -9999 -9999 -9999 -9999 -9999 -9999 -9999 -9999 -9999 -9999 -9999 -9999 -9999 -9999 -9999 -9999 -9999 -9999 -9999 -9999 -9999 -9999 -9999 26.2 26.1 26.5 27.1 27.2 26.1 23 15.7 21.2 19.6 24.2 18 15.3 21.1 25 27.6 28 26.8 24.4 24 18.9 14.1 15.5 12.3 12.7 13.9 13.8 9.6 14.7 18.1 23 26.1 27.4 27.6 27.8 27.8 27.9 28 28.1 28.2 28.2 28.3 28.4 28.4 28.5 28.5 28.6 28.7 28.9 29 29.1 29.1 29.2 29.3 29.3 29.4 29.5
-9999 -9999 -9999 -9999 -9999 -9999 -9999 -9999 -9999 -9999 -9999 -9999 -9999 -9999 -9999 -9999 -9999 -9999 -9999 -9999 -9999 -9999 -9999 -9999 -9999 26 24.8 25.9 26.5 27 27 26.6 24 17.2 16 15 21.8 17 15.9 21.9 24.8 27.9 27.5 24.1 22.8 23.8 16 14.4 16.3 12.5 13.4 12 11.1 10.4 18.9 22 26 27.5 27.7 27.8 27.9 28 28 28.1 28.2 28.2 28.3 28.3 28.3 28.3 28.4 28.6 28.7 28.8 28.8 28.9 29.1 29.1 29.2 29.3 29.3 29.4 29.5
-9999 -9999 -9999 -9999 -9999 -9999 -9999 -9999 -9999 -9999 -9999 -9999 -9999 -9999 -9999 -9999 -9999 -9999 -9999 -9999 -9999 -9999 -9999 -9999 -9999 -9999 24.3 26 26.7 26.8 26.8 26.4 25.5 22.8 17.9 16.8 21.7 14.9 12.3 18.5 24.8 27.9 25.8 21.7 21.9 20.8 13.7 14.3 11.7 14.4 13.3 11.3 10.6 14.6 20.3 25.6 27.7 28 28 27.9 28 28 28.1 28.2 28.2 28.2 28.2 28.3 28.3 28.3 28.5 28.5 28.6 28.7 28.7 28.9 29 29 29.1 29.2 29.2 29.3 29.3
-9999 -9999 -9999 -9999 -9999 -9999 -9999 -9999 -9999 -9999 -9999 -9999 -9999 -9999 -9999 -9999 -9999 -9999 -9999 -9999 -9999 -9999 -9999 -9999 -9999 -9999 25.6 26.2 26.7 26.6 26.7 25.4 23 18.7 18 21 21.5 12.9 12 19.2 24.8 27.5 24.4 22.4 20.7 14.4 11.2 13.5 12.5 15.7 15.1 18.1 18.8 22.4 25.4 27.7 28 28.1 28.1 28.1 28.1 28.1 28.1 28.2 28.2 28.2 28.2 28.3 28.4 28.4 28.5 28.6 28.7 28.7 28.8 28.9 28.9 28.9 29.1 29.2 29.2 29.2 29.2
-9999 -9999 -9999 -9999 -9999 -9999 -9999 -9999 -9999 -9999 -9999 -9999 -9999 -9999 -9999 -9999 -9999 -9999 -9999 -9999 -9999 -9999 -9999 -9999 -9999 -9999 26.2 26.4 26.6 26.7 26.6 25 19.4 12.7 20.8 22.4 21 12.7 12.5 19 25.3 27.4 22.5 22.9 18.7 12.3 13.7 13.5 15.2 18.2 16.9 21.3 20.3 25.4 27.4 28.1 28.1 28.2 28.2 28.2 28.2 28.2 28.2 28.2 28.1 28.2 28.2 28.3 28.3 28.4 28.5 28.6 28.7 28.7 28.7 28.8 28.9 29 29 29.1 29 29.1 29.1
-9999 -9999 -9999 -9999 -9999 -9999 -9999 -9999 -9999 -9999 -9999 -9999 -9999 -9999 -9999 -9999 -9999 -9999 -9999 -9999 -9999 -9999 -9999 -9999 -9999 -9999 26.2 26.1 26.5 26.7 25.5 23.8 21.6 17.7 22.6 21.4 18 8.9 7.8 18.3 25.7 26.9 21.6 18.6 14.5 13.6 13.8 12 15.2 17.6 21.2 24.1 24.4 27.1 28 28.2 28.2 28.2 28.2 28.2 28.2 28.2 28.2 28.1 28.1 28.2 28.2 28.2 28.4 28.5 28.6 28.6 28.7 28.6 28.7 28.7 28.8 28.9 28.9 28.9 28.9 28.8 28.8
-9999 -9999 -9999 -9999 -9999 -9999 -9999 -9999 -9999 -9999 -9999 -9999 -9999 -9999 -9999 -9999 -9999 -9999 -9999 -9999 -9999 -9999 -9999 -9999 -9999 -9999 26.3 26.2 26.5 26.7 24.4 22.1 18.3 20.3 23.4 21.4 15.7 5.3 7.7 17.6 26.4 25.5 21.5 17.4 14 14 11.8 11.5 16.4 18.9 24.9 26.2 27.2 28 28.2 28.3 28.3 28.3 28.4 28.3 28.2 28.2 28.1 28.1 28.1 28.2 28.3 28.3 28.3 28.4 28.4 28.4 28.4 28.4 28.5 28.7 28.6 28.7 28.7 28.7 28.6 28.5 28.6
-9999 -9999 -9999 -9999 -9999 -9999 -9999 -9999 -9999 -9999 -9999 -9999 -9999 -9999 -9999 -9999 -9999 -9999 -9999 -9999 -9999 -9999 -9999 -9999 -9999 -9999 26.2 26.2 26.4 26.5 25.9 21.8 19.7 22.4 22.9 21.3 15.9 10.3 10.5 19.7 27.1 26.6 25 20.5 13.7 12.6 13.7 10.1 14.3 20.5 25.6 27.2 27.9 28.1 28.2 28.3 28.4 28.4 28.4 28.3 28.2 28.2 28.1 28.1 27.9 28.1 28.2 28.1 28.1 28.1 28.2 28.3 28.3 28.4 28.2 28.3 28.5 28.5 28.4 28.3 28.3 28.5 28.5
-9999 -9999 -9999 -9999 -9999 -9999 -9999 -9999 -9999 -9999 -9999 -9999 -9999 -9999 -9999 -9999 -9999 -9999 -9999 -9999 -9999 -9999 -9999 -9999 -9999 -9999 26.1 26.2 26.4 26.5 25 21.2 19.2 23.7 22.9 21.5 12.1 14.9 19.9 25.5 26.8 27.2 25.5 18.9 11.1 11.7 16.9 13.5 16.5 24.9 26.7 27.9 28.1 28.2 28.3 28.4 28.4 28.4 28.3 28.3 28.2 28.1 28.1 28.1 28.1 28.1 28.1 28.1 28.2 28.2 28.2 28.2 28 28.1 28.2 28.1 28.2 28 28 28.2 28.3 28.3 28.4
-9999 -9999 -9999 -9999 -9999 -9999 -9999 -9999 -9999 -9999 -9999 -9999 -9999 -9999 -9999 -9999 -9999 -9999 -9999 -9999 -9999 -9999 -9999 -9999 -9999 26.1 26.1 26.3 26.4 26.2 23 16.7 22 23.6 20.1 17.1 8.9 14.2 22.4 26.7 28 27.9 24.9 18.9 9.6 10.5 16.4 17.7 24.5 26.7 27.6 28 28.1 28.2 28.3 28.4 28.5 28.4 28.2 28.2 28.2 28.2 28.1 28.1 28.1 28.1 28.1 28.1 28.1 27.9 27.6 27.6 27.7 27.7 27.8 27.8 27.8 27.9 28 28.1 28.1 28.1 28.2
-9999 -9999 -9999 -9999 -9999 -9999 -9999 -9999 -9999 -9999 -9999 -9999 -9999 -9999 -9999 -9999 -9999 -9999 -9999 -9999 -9999 -9999 -9999 -9999 -9999 26.1 26.1 26.4 26.5 25.7 17.1 17.6 24 20.6 15.2 9.4 12 18.3 25.5 28.3 28.3 26.6 21.2 14 7.4 9.2 14.3 23.9 26.4 27.1 27.6 27.9 28.1 28.1 28.3 28.5 28.5 28.4 28.3 28.4 28.3 28.3 28.2 28.1 28.1 28.1 28 28 27.7 27.5 27.5 27.5 27.5 27.6 27.7 27.7 27.8 27.9 27.9 27.9 28 28 28
-9999 -9999 -9999 -9999 -9999 -9999 -9999 -9999 -9999 -9999 -9999 -9999 -9999 -9999 -9999 -9999 -9999 -9999 -9999 -9999 -9999 -9999 -9999 -9999 -9999 -9999 26.2 26.4 26.4 23.6 17.6 20.7 22 15.5 10.1 10.3 14.4 19.1 28.2 28.9 28.1 25.3 18.2 11.3 7.8 10.2 19.6 25.5 26.6 27.1 27.6 27.9 28 28.2 28.4 28.5 28.6 28.4 28.4 28.4 28.3 28.2 28.2 28.1 27.9 27.8 27.8 27.6 27.5 27.5 27.5 27.5 27.6 27.6 27.7 27.7 27.7 27.8 27.8 27.9 27.9 27.8 27.9
-9999 -9999 -9999 -9999 -9999 -9999 -9999 -9999 -9999 -9999 -9999 -9999 -9999 -9999 -9999 -9999 -9999 -9999 -9999 -9999 -9999 -9999 -9999 -9999 -9999 -9999 -9999 26.6 25.3 21.6 20.5 22.2 21.1 11.5 7.6 10 21.3 26.3 28.2 29.1 27.6 22.3 14 8 10 13.5 21.1 26 26.8 27.2 27.6 27.8 28 28.2 28.4 28.6 28.6 28.5 28.4 28.4 28.3 28.2 28.2 27.9 27.6 27.5 27.6 27.6 27.5 27.5 27.5 27.6 27.7 27.7 27.7 27.7 27.7 27.7 27.7 27.7 27.7 27.7 27.8
-9999 -9999 -9999 -9999 -9999 -9999 -9999 -9999 -9999 -9999 -9999 -9999 -9999 -9999 -9999 -9999 -9999 -9999 -9999 -9999 -9999 -9999 -9999 -9999 -9999 -9999 -9999 26.3 24 20.6 19.8 23.7 22.6 13.1 8.5 15.1 23.2 26.2 24.5 28.4 23.6 19.6 11.8 13.1 12 19 24.6 26.6 26.9 27.2 27.6 27.8 28.1 28.4 28.5 28.7 28.6 28.5 28.5 28.3 28.2 28.1 27.8 27.7 27.6 27.6 27.6 27.6 27.6 27.5 27.6 27.6 27.5 27.5 27.5 27.5 27.5 27.5 27.5 27.6 27.7 27.7 27.8
-9999 -9999 -9999 -9999 -9999 -9999 -9999 -9999 -9999 -9999 -9999 -9999 -9999 -9999 -9999 -9999 -9999 -9999 -9999 -9999 -9999 -9999 -9999 -9999 -9999 -9999 26.5 25.6 20.9 15.3 20.4 24 22.6 10 10.3 18.6 23.9 24.6 25.6 26.8 21.6 20.4 15.5 17.4 19 23.7 26 26.8 27.1 27.4 27.7 28 28.3 28.5 28.7 28.7 28.6 28.5 28.4 28.2 27.9 27.8 27.6 27.6 27.6 27.5 27.6 27.4 27.5 27.6 27.5 27.3 27.3 27.4 27.3 27.3 27.3 27.4 27.5 27.5 27.5 27.6 27.7
-9999 -9999 -9999 -9999 -9999 -9999 -9999 -9999 -9999 -9999 -9999 -9999 -9999 -9999 -9999 -9999 -9999 -9999 -9999 -9999 -9999 -9999 -9999 -9999 -9999 26.6 26.4 24.9 19.9 14.3 22 24 22.5 9.4 11.5 16.8 21.5 23.9 27.9 27.2 22.5 17.5 20.2 22.7 24.3 23.7 25.6 27 27.3 27.5 27.8 28.1 28.4 28.6 28.6 28.6 28.6 28.6 28.5 28.2 28 27.8 27.7 27.6 27.5 27.4 27.4 27.4 27.6 27.5 27.3 27.3 27.2 27.2 27.2 27.2 27.3 27.3 27.3 27.4 27.5 27.5 27.6
-9999 -9999 -9999 -9999 -9999 -9999 -9999 -9999 -9999 -9999 -9999 -9999 -9999 -9999 -9999 -9999 -9999 -9999 -9999 -9999 -9999 -9999 -9999 -9999 26.7 26.6 26.4 23.4 21.9 19.2 23.6 23.5 18.3 7.5 9.6 14.9 16.9 24.8 27.7 24.9 17.5 16.6 21.8 25.4 25.7 24.4 24.1 27.4 27.5 27.7 27.9 28.3 28.5 28.7 28.7 28.8 28.9 28.8 28.6 28.4 28.1 28 27.9 27.8 27.6 27.4 27.3 27.4 27.5 27.2 27.2 27.1 27.2 27.2 27.2 27.2 27.2 27.2 27.3 27.3 27.4 27.4 27.4
-9999 -9999 -9999 -9999 -9999 -9999 -9999 -9999 -9999 -9999 -9999 -9999 -9999 -9999 -9999 -9999 -9999 -9999 -9999 -9999 -9999 -9999 -9999 -9999 26.6 26.6 26.5 25.2 17.8 19.1 21.2 18.3 13.6 7.8 9.2 11.7 19 26.1 26.9 20.7 13.9 14 21.1 25.8 26.1 25.6 23.8 27.3 27.6 27.7 28 28.4 28.7 28.9 29 29 29 28.9 28.7 28.5 28.3 28.1 28 27.8 27.7 27.6 27.3 27.3 27.4 27.1 27.1 27.1 27.1 27.1 27.1 27.2 27.2 27.2 27.2 27.2 27.2 27.2 27.3
-9999 -9999 -9999 -9999 -9999 -9999 -9999 -9999 -9999 -9999 -9999 -9999 -9999 -9999 -9999 -9999 -9999 -9999 -9999 -9999 -9999 -9999 -9999 26.5 26.6 26.5 25.3 24.2 17.4 19.4 19.3 14.9 9.7 13.5 12.9 14.8 21.4 25.4 22.7 15.6 17.6 18.5 21 25.8 26.2 26.4 25.6 26.9 27.4 27.7 28 28.4 28.7 29.1 29.2 29.2 29.1 29 28.6 28.3 28.2 28 27.9 27.8 27.8 27.6 27.4 27.4 27.2 27.1 27.1 27 27 27 27.1 27.1 27 27 27 27.1 27.1 27.1 27.1
-9999 -9999 -9999 -9999 -9999 -9999 -9999 -9999 -9999 -9999 -9999 -9999 -9999 -9999 -9999 -9999 -9999 -9999 -9999 26.4 26.4 26.4 26.5 26.5 26.2 24.8 22.3 22.7 17.3 19.3 18.4 13.6 8.8 14.8 18.5 20.7 24 24.3 18.7 14.3 19 23 23.2 26 26.3 26.6 26 26.5 27.3 27.6 27.9 28.3 28.7 29.2 29.4 29.2 29 28.8 28.4 28.3 28.1 28 27.8 27.6 27.5 27.4 27.3 27.2 27.1 27.1 27 27 27 26.7 26.7 26.7 26.9 26.9 26.9 27 27 27 26.9
-9999 -9999 -9999 -9999 -9999 -9999 -9999 -9999 -9999 -9999 -9999 -9999 -9999 -9999 -9999 -9999 -9999 -9999 26.4 26.4 26.5 26.5 26.5 26.4 25.1 17.2 19.4 18.2 19.3 19.4 17 11.3 9.2 14.3 19.9 21.9 23.5 17.8 14.8 18.3 23.3 24.9 25.7 26 26.3 26.5 26.1 26.6 27.4 27.7 28 28.4 28.7 28.9 29.2 29.1 28.9 28.7 28.5 28.3 28.1 28 27.9 27.7 27.4 27.2 27.3 27.2 27.1 27 27 27 26.8 26.8 26.8 26.7 26.8 26.8 26.9 26.9 26.9 26.8 26.9
-9999 -9999 -9999 -9999 -9999 -9999 -9999 -9999 -9999 -9999 -9999 -9999 -9999 -9999 -9999 -9999 -9999 -9999 26.3 26.3 26.5 26.4 26.3 26.1 23 15.3 16.2 19.8 24.3 19.9 12.6 8.5 11.8 16.6 18.3 22.8 22 13.3 17.8 21.2 23.7 25.5 25.9 26.2 26.4 26.6 26.8 27 27.4 27.6 27.8 28.1 28.1 28.7 29.1 28.9 28.7 28.7 28.5 28.3 28.1 28 27.8 27.7 27.5 27.4 27.3 27.2 27.1 27.1 27 26.7 26.7 26.7 26.6 26.6 26.5 26.7 26.8 26.8 26.6 26.8 26.8
-9999 -9999 -9999 -9999 -9999 -9999 -9999 -9999 -9999 -9999 -9999 -9999 -9999 -9999 -9999 -9999 -9999 -9999 26.3 26.4 26.4 26.3 26.1 25.4 23.5 19.6 17.5 25.3 22 15.4 9.3 11.1 15.1 16.7 20 22.6 17.6 15.7 21.3 21.9 25 25.8 25.7 25.9 26.3 26.5 26.8 27 27.1 27.3 27.5 27.6 27.9 28.4 28.6 28.7 28.7 28.5 28.2 28.1 28 27.7 27.2 27.1 27.4 27.3 27.1 27 27 26.9 26.6 26.6 26.6 26.5 26.5 26.5 26.5 26.6 26.7 26.7 26.4 26.6 26.7
-9999 -9999 -9999 -9999 -9999 -9999 -9999 -9999 -9999 -9999 -9999 -9999 -9999 -9999 -9999 -9999 -9999 -9999 26.3 26.3 26.3 26.1 25.7 24.4 24.2 20.9 24 25.4 19.9 12.3 9.6 15.4 18.6 20.5 19.9 20 18.5 19.5 22.2 26.1 26.1 26 25.8 25.9 26.1 26.4 26.6 26.6 26.9 27.1 27.3 27.5 27.9 28.2 28.3 28.3 28.3 28.3 28.1 27.8 27.7 27.4 27.2 27.4 27.4 27.2 27.1 26.9 26.7 26.6 26.5 26.5 26.5 26.5 26.5 26.5 26.5 26.6 26.6 26.6 26.3 26.3 26.6
-9999 -9999 -9999 -9999 -9999 -9999 -9999 -9999 -9999 -9999 -9999 -9999 -9999 -9999 -9999 -9999 -9999 26.4 26.3 26.2 26.2 25.9 24.9 23.9 22.7 20.9 24.5 21.7 15.4 11.9 13.7 13.3 16.4 19.2 19.5 19 23.2 22 25 26.3 26.2 26.2 26.1 26.1 26.1 26.4 26.6 26.8 26.9 27.1 27.3 27.5 27.7 27.9 27.9 28 28 28 27.8 27.6 27.4 27.3 27 27.2 27.2 27 26.9 26.7 26.5 26.5 26.5 26.4 -9999 26.4 26.4 26.4 26.4 26.5 26.5 26.5 26.6 -9999 -9999
-9999 -9999 -9999 -9999 -9999 -9999 -9999 -9999 -9999 -9999 -9999 -9999 -9999 -9999 -9999 -9999 26.3 26.3 26 25.7 25.4 25.1 24.6 21.9 16.2 23.1 20.9 17.1 11.5 12.2 17.7 16.4 15.7 17.1 22.5 24.1 26.1 24.4 26.1 26.3 26.3 26.2 26.2 26.2 26.3 26.5 26.6 26.6 26.8 27 27.2 27.4 27.4 27.7 27.8 27.8 27.8 27.7 27.6 27.5 27.4 27.2 27.1 27 26.9 26.9 26.8 26.6 26.5 26.3 26.3 -9999 -9999 -9999 -9999 -9999 -9999 -9999 -9999 -9999 -9999 -9999 -9999
-9999 -9999 -9999 -9999 -9999 -9999 -9999 -9999 -9999 -9999 -9999 -9999 -9999 -9999 -9999 -9999 -9999 26.1 25.8 24.9 23.8 22.9 22.2 20.6 17.3 18.8 18.9 17.1 11 15.8 21.5 20.3 18.2 19.4 24.7 26 26.3 26.3 26.3 26.3 26.3 26.3 26.1 26.2 26.5 26.5 26.5 26.6 26.9 27 27.1 27.2 26.4 27.3 27.6 27.6 27.7 27.7 27.6 27.4 27.3 27.2 27 26.7 26.8 26.7 26.7 26.6 26.4 26.3 26.2 -9999 -9999 -9999 -9999 -9999 -9999 -9999 -9999 -9999 -9999 -9999 -9999
-9999 -9999 -9999 -9999 -9999 -9999 -9999 -9999 -9999 -9999 -9999 -9999 -9999 -9999 -9999 -9999 -9999 -9999 25.3 24.5 22.9 20.1 18.3 15.1 15.7 14.6 12.8 11.3 12.5 16.6 22.1 20.5 22.5 24.5 25.9 26.1 26.2 26.3 26.3 26.2 26.2 26.3 26.2 26.2 26.4 26.5 26.6 26.7 26.8 27 27.1 27.2 27.1 27.3 27.4 27.5 27.4 27.5 27.5 27.4 27.2 27 27 26.8 26.7 26.7 26.5 26.4 26.3 26.2 26 -9999 -9999 -9999 -9999 -9999 -9999 -9999 -9999 -9999 -9999 -9999 -9999
-9999 -9999 -9999 -9999 -9999 -9999 -9999 -9999 -9999 -9999 -9999 -9999 -9999 -9999 -9999 -9999 -9999 -9999 -9999 -9999 21.3 18.7 14.9 10.5 11.9 14.2 10.6 11.8 14.8 18.4 23.5 23.6 25.6 25.9 26 26.1 26.2 26.2 26.3 26.2 26.1 26.3 26.2 26.2 26.4 26.4 26.5 26.7 26.8 26.9 27.1 27.1 27.2 26.6 27.2 27.4 27.3 27.3 27.3 27.2 27.1 27 26.9 26.7 26.4 26.6 26.4 26.3 26.1 26.1 26 26.1 -9999 -9999 -9999 -9999 -9999 -9999 -9999 -9999 -9999 -9999 -9999
